Mon Aug 13 03:56:23 UTC 2018
0
3
4
10
15
16
19
20
25
26
41
44
46
47
55
57
64
74
87
95
96
98
122
126
129
130
140
144
151
152
169
181
182
183
186
188
189
190
193
198
208
216
217
227
235
238
239
240
243
244
252
258
262
263
265
269
270
298
301
303
305
313
316
319
('Error with', u'DftarAz2tra', LatticeError('Lattice is empty',))
323
324
334
335
338
341
347
349
350
352
353
356
365
372
373
381
383
387
393
398
399
401
408
414
417
418
419
420
424
429
430
436
439
441
446
449
452
456
457
458
459
470
474
476
482
('Error with', u'inz2ti', LatticeError('Lattice is empty',))
484
492
494
498
509
511
512
513
522
527
529
533
534
535
542
568
581
582
583
586
587
599
601
604
619
622
637
639
641
659
678
685
686
701
703
706
708
714
721
724
732
739
740
741
747
754
756
757
766
773
778
782
791
792
795
796
798
799
801
803
810
813
816
823
824
832
838
839
('Error with', u'pariSiz2tades', LatticeError('Lattice is empty',))
844
849
851
853
854
856
857
858
861
862
863
870
877
883
884
896
912
918
929
931
932
933
934
940
944
946
953
962
964
972
994
999
1001
1003
1005
1010
1019
1026
1036
1043
1044
1045
1054
1058
1060
1066
1077
1081
1088
1106
1107
1108
1109
1110
1111
1112
1116
1127
1129
1130
1141
1150
1156
1174
1175
1185
1187
1188
1199
1204
1210
1216
1234
1239
1252
1260
1272
1275
1285
1289
1294
1297
1298
1299
1302
1309
1316
1319
1324
1330
1339
1344
1350
1362
1363
1366
1373
1382
1383
1388
1408
1423
1424
1427
1431
1432
1433
1440
1446
1450
1454
1455
1457
1470
1474
1477
1485
1500
1501
1506
1509
1510
1518
1519
1558
1562
1565
1571
1573
1574
1579
1583
Mon Aug 13 03:56:23 UTC 2018
Mon Aug 13 04:24:50 UTC 2018
              28:27
(+ (* 28 60) 27) = 1707 secs
(/ 1680 313.0) 5.4 sec per search
(/ 1707 309.0) 5.5 sec
